   5   4   6   3  25  15
   5   4   6   3  25  15
   0   3   0   2  25   0
   0   3   0   2  25   0
   0   7   0   4  22   0
   0   7   0   5  22   0
   0   7   0   6  22   0
   0   7   1   7  22   0
   0   7   1   7  22   0
   1   6   1   4  25   0
   1   6   1   5  25   0
   1   6   1   5  25   0
   2   5   0   4  24   0
   2   5   0   6  24   0
   2   5   1   3  24   0
   2   5   1   7  24   0
   2   5   3   3  24   0
   2   5   4   4  24   0
   2   5   4   4  24   0
   3   6   3   4  25   0
   3   6   3   5  25   0
   3   6   3   5  25   0
   4   6   4   4  25   0
   4   6   4   5  25   0
   4   6   4   5  25   0
   4   7   5   6  20  -1
   4   7   5   6  20  -1
   5   4   5   3  25   0
   6   6   6   4  25   0
   6   6   6   5  25   0
   6   6   6   5  25   0
   6   7   5   5  24   0
   6   7   5   5  24   0
   7   5   7   4  25   0
   7   5   7   4  25   0
   7   7   7   6  22   0
   7   7   7   6  22   0

2

